5.500000	9.000000
3.150000	12.000000
3.150000	10.000000
3.150000	14.000000
3.150000	11.000000
3.150000	18.000000
3.150000	15.000000
3.150000	22.000000
3.150000	19.000000
3.150000	16.000000
3.150000	26.000000
5.600000	1.000000
3.150000	30.000000
3.150000	20.000000
3.150000	23.000000
5.700000	5.000000
3.150000	24.000000
3.150000	34.000000
12.250000	49.000000
3.150000	28.000000
3.150000	27.000000
3.150000	38.000000
12.850000	41.000000
3.150000	32.000000
6.050000	2.000000
3.150000	31.000000
12.900000	25.000000
6.250000	6.000000
3.150000	35.000000
3.150000	36.000000
12.050000	42.000000
12.950000	45.000000
3.150000	39.000000
5.700000	8.000000
14.850000	37.000000
12.200000	46.000000
5.400000	7.000000
6.050000	0.000000
31.050000	49.000000
13.350000	30.000000
5.500000	3.000000
6.050000	4.000000
32.250000	33.000000
13.450000	34.000000
11.900000	47.000000
12.350000	40.000000
13.550000	22.000000
33.250000	5.000000
12.550000	44.000000
12.250000	43.000000
14.750000	10.000000
33.450000	9.000000
13.450000	27.000000
12.700000	48.000000
35.000000	21.000000
15.750000	14.000000
15.800000	24.000000
13.450000	31.000000
15.750000	38.000000
35.400000	41.000000
13.600000	23.000000
18.700000	40.000000
35.450000	1.000000
17.500000	46.000000
15.300000	15.000000
25.350000	8.000000
35.550000	49.000000
19.000000	42.000000
25.800000	0.000000
16.600000	47.000000
35.750000	45.000000
20.650000	30.000000
17.900000	43.000000
30.400000	32.000000
30.350000	2.000000
36.600000	17.000000
24.200000	7.000000
30.900000	4.000000
39.150000	25.000000
31.200000	46.000000
28.650000	3.000000
31.550000	36.000000
31.550000	34.000000
39.450000	41.000000
31.750000	48.000000
30.650000	31.000000
39.650000	37.000000
31.700000	10.000000
32.000000	12.000000
31.200000	47.000000
31.750000	42.000000
41.050000	21.000000
32.150000	35.000000
34.000000	40.000000
35.750000	22.000000
41.450000	49.000000
33.700000	11.000000
34.600000	20.000000
41.550000	13.000000
35.850000	42.000000
35.900000	32.000000
34.150000	19.000000
42.400000	45.000000
36.300000	46.000000
36.950000	16.000000
36.600000	23.000000
44.800000	41.000000
36.450000	18.000000
37.200000	43.000000
36.950000	24.000000
46.650000	37.000000
37.550000	10.000000
37.450000	27.000000
36.950000	44.000000
47.950000	25.000000
39.450000	38.000000
37.500000	36.000000
37.750000	31.000000
39.600000	26.000000
48.450000	17.000000
37.850000	12.000000
38.350000	19.000000
39.750000	22.000000
48.750000	13.000000
40.200000	39.000000
39.150000	20.000000
60.500000	25.000000
40.150000	46.000000
41.300000	27.000000
41.500000	40.000000
63.100000	33.000000
40.300000	34.000000
41.750000	15.000000
63.200000	32.000000
63.700000	37.000000
40.600000	42.000000
42.050000	23.000000
64.500000	36.000000
67.400000	21.000000
41.150000	14.000000
42.250000	47.000000
65.650000	16.000000
45.150000	38.000000
71.700000	9.000000
49.050000	27.000000
66.950000	24.000000
45.750000	46.000000
74.400000	33.000000
74.350000	32.000000
49.200000	15.000000
77.000000	1.000000
47.050000	14.000000
77.150000	48.000000
77.300000	37.000000
58.100000	38.000000
79.750000	32.000000
51.200000	39.000000
78.650000	5.000000
59.100000	46.000000
81.400000	0.000000
59.300000	31.000000
60.750000	14.000000
83.200000	48.000000
80.550000	33.000000
59.950000	27.000000
83.950000	4.000000
64.150000	26.000000
62.250000	15.000000
81.850000	37.000000
86.250000	44.000000
65.450000	30.000000
64.850000	23.000000
83.850000	29.000000
87.300000	48.000000
67.250000	18.000000
66.050000	39.000000
83.900000	25.000000
87.700000	40.000000
78.300000	38.000000
68.100000	7.000000
84.900000	13.000000
88.050000	16.000000
78.350000	6.000000
74.500000	31.000000
85.900000	45.000000
88.100000	12.000000
81.300000	2.000000
77.500000	39.000000
87.350000	17.000000
89.050000	32.000000
84.200000	30.000000
82.000000	39.000000
87.900000	25.000000
90.250000	44.000000
84.350000	14.000000
82.950000	7.000000
88.050000	41.000000
90.450000	20.000000
84.550000	26.000000
83.750000	3.000000
89.250000	33.000000
91.350000	48.000000
87.400000	18.000000
83.750000	15.000000
90.700000	45.000000
97.300000	48.000000
88.950000	42.000000
84.700000	27.000000
102.750000	48.000000
90.750000	29.000000
89.900000	46.000000
86.500000	43.000000
103.450000	40.000000
90.800000	21.000000
93.450000	22.000000
87.100000	11.000000
105.100000	44.000000
91.000000	1.000000
97.550000	14.000000
88.750000	31.000000
113.850000	48.000000
92.900000	9.000000
99.650000	38.000000
89.050000	39.000000
114.800000	32.000000
95.400000	5.000000
101.450000	26.000000
89.900000	19.000000
117.250000	20.000000
99.150000	37.000000
106.800000	26.000000
90.500000	23.000000
119.150000	44.000000
100.300000	49.000000
112.950000	38.000000
91.150000	43.000000
119.700000	32.000000
100.400000	33.000000
114.800000	46.000000
92.250000	11.000000
120.800000	48.000000
100.700000	25.000000
116.600000	14.000000
98.750000	39.000000
121.300000	20.000000
102.100000	41.000000
119.900000	42.000000
101.900000	27.000000
123.650000	40.000000
104.150000	37.000000
120.800000	2.000000
102.800000	43.000000
123.650000	44.000000
106.250000	25.000000
121.000000	26.000000
103.000000	47.000000
126.150000	48.000000
112.900000	37.000000
121.250000	46.000000
104.550000	39.000000
126.450000	16.000000
114.200000	33.000000
122.500000	38.000000
108.700000	27.000000
127.700000	40.000000
115.650000	5.000000
125.550000	26.000000
108.800000	7.000000
127.850000	44.000000
117.300000	9.000000
126.550000	38.000000
112.950000	3.000000
129.000000	32.000000
118.500000	33.000000
126.600000	18.000000
114.850000	31.000000
131.050000	16.000000
118.750000	21.000000
127.800000	14.000000
116.050000	43.000000
132.900000	40.000000
120.050000	41.000000
127.950000	46.000000
117.550000	15.000000
136.350000	48.000000
121.150000	45.000000
128.000000	42.000000
118.300000	19.000000
136.500000	32.000000
121.300000	25.000000
131.450000	18.000000
119.950000	31.000000
139.500000	44.000000
122.550000	1.000000
132.900000	14.000000
120.500000	27.000000
144.350000	4.000000
123.050000	37.000000
133.250000	38.000000
122.700000	19.000000
145.200000	48.000000
123.500000	21.000000
139.900000	46.000000
122.800000	39.000000
146.350000	44.000000
125.700000	33.000000
143.800000	26.000000
124.500000	27.000000
146.400000	0.000000
126.400000	25.000000
146.100000	6.000000
127.900000	15.000000
151.800000	40.000000
126.850000	17.000000
146.150000	38.000000
128.000000	39.000000
151.850000	48.000000
127.200000	41.000000
147.000000	2.000000
130.150000	19.000000
151.900000	24.000000
128.400000	37.000000
149.150000	26.000000
130.500000	7.000000
151.950000	28.000000
128.450000	13.000000
132.100000	17.000000
152.350000	44.000000
136.050000	33.000000
153.050000	12.000000
137.900000	5.000000
139.250000	9.000000
153.100000	16.000000
143.050000	25.000000
154.350000	20.000000
146.100000	1.000000
156.500000	48.000000
146.150000	37.000000
130.850000	27.000000
156.700000	28.000000
150.100000	46.000000
147.450000	25.000000
131.350000	31.000000
156.950000	32.000000
150.350000	22.000000
152.000000	17.000000
132.450000	15.000000
151.950000	42.000000
162.000000	48.000000
152.350000	13.000000
137.350000	31.000000
152.400000	10.000000
168.700000	4.000000
152.650000	41.000000
145.250000	27.000000
170.300000	32.000000
152.550000	14.000000
152.800000	29.000000
145.800000	39.000000
170.500000	48.000000
153.150000	30.000000
154.750000	21.000000
147.700000	3.000000
175.350000	24.000000
153.600000	18.000000
147.800000	43.000000
156.000000	17.000000
176.400000	20.000000
150.850000	7.000000
156.450000	42.000000
156.050000	9.000000
182.150000	24.000000
156.550000	33.000000
157.950000	10.000000
182.650000	16.000000
160.800000	45.000000
162.500000	38.000000
185.200000	40.000000
161.800000	49.000000
174.300000	22.000000
187.000000	16.000000
164.000000	33.000000
176.950000	2.000000
190.000000	28.000000
164.000000	37.000000
178.500000	22.000000
190.100000	40.000000
151.200000	23.000000
178.850000	42.000000
167.850000	29.000000
190.350000	48.000000
151.900000	43.000000
179.050000	38.000000
175.250000	45.000000
152.000000	15.000000
194.400000	28.000000
179.750000	1.000000
182.450000	18.000000
153.400000	19.000000
194.700000	32.000000
182.900000	17.000000
184.500000	6.000000
195.000000	48.000000
154.850000	11.000000
183.850000	9.000000
197.150000	40.000000
184.850000	14.000000
155.750000	47.000000
185.950000	13.000000
198.850000	4.000000
187.450000	18.000000
156.250000	43.000000
188.650000	41.000000
204.700000	0.000000
157.150000	15.000000
188.800000	38.000000
206.050000	48.000000
189.350000	37.000000
189.200000	46.000000
206.100000	40.000000
157.700000	31.000000
189.850000	45.000000
160.350000	19.000000
189.300000	14.000000
206.700000	24.000000
162.900000	39.000000
209.100000	20.000000
190.400000	17.000000
173.800000	39.000000
211.350000	16.000000
190.650000	29.000000
174.650000	23.000000
211.750000	12.000000
193.550000	37.000000
179.250000	23.000000
194.700000	33.000000
211.950000	40.000000
180.550000	43.000000
215.300000	48.000000
195.200000	45.000000
185.850000	15.000000
189.800000	30.000000
195.500000	29.000000
186.950000	43.000000
198.500000	9.000000
192.850000	38.000000
187.600000	23.000000
217.500000	16.000000
193.950000	30.000000
189.200000	39.000000
203.400000	45.000000
204.800000	38.000000
189.350000	7.000000
204.750000	37.000000
191.000000	47.000000
205.000000	22.000000
206.600000	1.000000
194.700000	39.000000
205.900000	2.000000
208.300000	41.000000
194.900000	31.000000
209.700000	42.000000
209.100000	45.000000
199.700000	31.000000
210.550000	6.000000
209.150000	21.000000
211.450000	22.000000
202.850000	3.000000
211.100000	9.000000
211.750000	18.000000
203.800000	39.000000
211.850000	41.000000
217.650000	8.000000
208.800000	39.000000
212.550000	13.000000
209.550000	19.000000
218.400000	28.000000
213.400000	17.000000
220.750000	48.000000
211.500000	11.000000
216.200000	45.000000
224.850000	36.000000
211.600000	31.000000
216.250000	41.000000
225.150000	40.000000
212.550000	43.000000
211.850000	10.000000
225.900000	32.000000
212.600000	15.000000
216.300000	29.000000
227.000000	48.000000
216.350000	39.000000
216.600000	37.000000
228.050000	4.000000
221.100000	29.000000
217.650000	47.000000
234.550000	24.000000
219.600000	7.000000
222.350000	37.000000
236.250000	28.000000
221.450000	39.000000
224.850000	45.000000
236.550000	44.000000
223.650000	35.000000
227.500000	33.000000
240.800000	40.000000
224.900000	47.000000
228.850000	5.000000
241.250000	16.000000
231.950000	45.000000
225.300000	31.000000
243.400000	0.000000
228.700000	35.000000
234.500000	25.000000
243.650000	24.000000
230.250000	31.000000
235.350000	21.000000
245.200000	40.000000
237.300000	1.000000
234.550000	23.000000
249.100000	12.000000
212.000000	14.000000
234.850000	27.000000
237.450000	45.000000
252.450000	48.000000
213.850000	42.000000
234.850000	43.000000
216.450000	38.000000
238.850000	25.000000
216.600000	14.000000
240.150000	31.000000
240.200000	17.000000
222.700000	38.000000
240.350000	43.000000
241.950000	13.000000
224.150000	34.000000
240.550000	23.000000
242.400000	41.000000
231.350000	46.000000
241.200000	27.000000
244.300000	17.000000
233.650000	22.000000
242.550000	15.000000
244.450000	49.000000
234.900000	26.000000
245.800000	13.000000
244.650000	43.000000
235.200000	2.000000
254.900000	12.000000
248.050000	15.000000
235.300000	46.000000
260.650000	8.000000
248.600000	11.000000
237.550000	42.000000
260.850000	4.000000
251.500000	43.000000
237.900000	22.000000
267.150000	16.000000
252.900000	11.000000
240.900000	46.000000
267.300000	0.000000
253.100000	39.000000
241.200000	18.000000
256.650000	47.000000
267.550000	24.000000
242.850000	14.000000
268.150000	20.000000
257.500000	27.000000
243.900000	42.000000
257.750000	39.000000
268.250000	44.000000
246.400000	18.000000
263.150000	3.000000
248.050000	9.000000
268.550000	40.000000
248.250000	14.000000
263.150000	7.000000
269.050000	32.000000
248.650000	10.000000
266.500000	43.000000
269.150000	36.000000
251.050000	34.000000
266.600000	35.000000
271.100000	16.000000
252.900000	38.000000
272.100000	20.000000
267.750000	47.000000
253.800000	10.000000
268.000000	27.000000
273.800000	48.000000
257.250000	38.000000
268.050000	23.000000
274.000000	40.000000
262.050000	2.000000
269.250000	19.000000
275.100000	32.000000
265.450000	38.000000
270.300000	43.000000
275.300000	12.000000
266.800000	34.000000
275.550000	28.000000
271.450000	31.000000
249.750000	49.000000
278.150000	16.000000
253.300000	37.000000
273.250000	11.000000
285.700000	4.000000
256.800000	49.000000
273.350000	47.000000
288.450000	16.000000
261.650000	5.000000
274.450000	39.000000
289.400000	8.000000
267.600000	25.000000
278.950000	11.000000
290.700000	44.000000
282.250000	19.000000
268.400000	9.000000
266.850000	22.000000
290.900000	0.000000
269.450000	41.000000
267.050000	46.000000
292.250000	24.000000
270.000000	45.000000
267.650000	6.000000
292.850000	20.000000
270.100000	33.000000
267.850000	18.000000
293.300000	16.000000
270.250000	49.000000
268.050000	26.000000
295.150000	44.000000
287.600000	3.000000
270.400000	42.000000
295.450000	40.000000
291.950000	43.000000
270.850000	46.000000
295.550000	36.000000
271.700000	22.000000
292.550000	19.000000
296.400000	12.000000
270.450000	21.000000
292.550000	23.000000
297.800000	48.000000
273.700000	41.000000
294.900000	35.000000
272.700000	18.000000
273.300000	34.000000
296.150000	27.000000
297.850000	24.000000
273.600000	38.000000
296.250000	11.000000
276.150000	10.000000
299.250000	20.000000
278.150000	38.000000
296.500000	43.000000
300.400000	36.000000
278.200000	30.000000
300.600000	12.000000
296.550000	47.000000
278.850000	46.000000
300.750000	40.000000
282.750000	2.000000
304.000000	32.000000
296.600000	19.000000
287.800000	18.000000
306.750000	28.000000
297.450000	39.000000
309.050000	32.000000
291.450000	22.000000
274.600000	29.000000
298.200000	7.000000
275.150000	37.000000
291.800000	18.000000
299.200000	35.000000
276.200000	49.000000
294.850000	34.000000
301.150000	11.000000
280.650000	41.000000
295.100000	46.000000
301.200000	47.000000
295.950000	22.000000
290.100000	5.000000
301.600000	27.000000
313.000000	48.000000
290.500000	41.000000
303.600000	15.000000
313.850000	28.000000
291.400000	9.000000
304.050000	31.000000
322.200000	4.000000
293.300000	45.000000
306.450000	47.000000
329.700000	24.000000
293.550000	21.000000
295.950000	26.000000
296.300000	10.000000
310.150000	31.000000
296.650000	42.000000
297.450000	38.000000
310.400000	15.000000
297.700000	18.000000
320.100000	39.000000
299.150000	34.000000
324.400000	3.000000
300.350000	46.000000
326.150000	7.000000
300.450000	10.000000
328.400000	23.000000
300.600000	6.000000
329.800000	16.000000
330.050000	43.000000
295.250000	41.000000
330.900000	19.000000
330.100000	20.000000
301.850000	26.000000
331.150000	39.000000
296.050000	25.000000
304.050000	14.000000
331.450000	15.000000
304.500000	42.000000
297.000000	37.000000
332.950000	31.000000
297.100000	1.000000
305.050000	46.000000
335.250000	47.000000
297.100000	49.000000
330.100000	44.000000
305.950000	30.000000
330.950000	8.000000
335.700000	39.000000
298.950000	41.000000
331.850000	40.000000
336.000000	15.000000
300.550000	45.000000
331.950000	28.000000
336.850000	35.000000
302.550000	13.000000
337.650000	27.000000
303.750000	33.000000
331.950000	48.000000
343.250000	39.000000
304.100000	41.000000
344.050000	27.000000
304.800000	49.000000
312.150000	30.000000
345.350000	15.000000
306.100000	29.000000
348.150000	39.000000
313.350000	14.000000
307.600000	13.000000
356.300000	43.000000
323.500000	2.000000
309.000000	33.000000
356.800000	7.000000
312.650000	29.000000
326.600000	6.000000
332.550000	32.000000
362.250000	31.000000
336.450000	48.000000
319.800000	13.000000
336.500000	16.000000
329.250000	22.000000
325.850000	9.000000
336.500000	40.000000
330.250000	18.000000
326.300000	1.000000
337.350000	36.000000
330.450000	42.000000
329.400000	17.000000
338.150000	28.000000
331.650000	38.000000
330.500000	21.000000
341.100000	44.000000
332.500000	30.000000
330.650000	45.000000
341.250000	40.000000
362.850000	47.000000
331.500000	37.000000
341.300000	16.000000
331.700000	5.000000
364.150000	23.000000
345.650000	40.000000
331.700000	33.000000
365.000000	43.000000
346.100000	16.000000
366.300000	31.000000
332.000000	41.000000
353.950000	40.000000
366.750000	39.000000
332.750000	13.000000
354.650000	16.000000
367.150000	27.000000
333.450000	49.000000
333.600000	14.000000
355.200000	44.000000
333.600000	29.000000
358.350000	4.000000
367.650000	47.000000
335.250000	2.000000
334.500000	17.000000
360.450000	16.000000
336.100000	46.000000
334.550000	45.000000
361.100000	40.000000
336.750000	38.000000
336.400000	33.000000
362.050000	28.000000
338.100000	30.000000
336.750000	37.000000
362.050000	44.000000
338.000000	25.000000
338.150000	34.000000
362.600000	32.000000
338.050000	9.000000
341.600000	18.000000
341.000000	17.000000
363.250000	48.000000
343.650000	38.000000
369.200000	23.000000
364.050000	24.000000
348.250000	38.000000
370.200000	43.000000
366.300000	28.000000
348.850000	2.000000
371.050000	39.000000
367.300000	32.000000
349.600000	18.000000
376.250000	27.000000
367.350000	44.000000
377.650000	39.000000
354.450000	18.000000
367.350000	48.000000
377.850000	43.000000
355.250000	38.000000
368.650000	40.000000
382.050000	31.000000
356.400000	6.000000
370.150000	24.000000
383.050000	7.000000
358.650000	18.000000
373.000000	48.000000
362.450000	30.000000
385.400000	43.000000
342.400000	45.000000
377.100000	16.000000
364.150000	22.000000
343.900000	37.000000
388.800000	39.000000
378.350000	40.000000
390.400000	31.000000
347.900000	17.000000
394.500000	39.000000
364.550000	46.000000
396.500000	11.000000
380.950000	16.000000
364.800000	18.000000
354.350000	17.000000
386.600000	16.000000
367.200000	26.000000
388.800000	32.000000
400.050000	7.000000
367.550000	38.000000
389.100000	48.000000
400.350000	39.000000
367.800000	30.000000
389.750000	0.000000
401.050000	35.000000
372.250000	2.000000
392.150000	40.000000
401.550000	43.000000
373.400000	22.000000
402.550000	47.000000
392.500000	16.000000
374.150000	26.000000
358.650000	17.000000
393.200000	32.000000
374.350000	38.000000
361.100000	9.000000
393.650000	8.000000
378.600000	18.000000
361.700000	5.000000
395.450000	48.000000
408.300000	43.000000
396.450000	12.000000
362.150000	29.000000
386.250000	18.000000
396.650000	16.000000
362.550000	33.000000
387.100000	2.000000
398.950000	28.000000
363.200000	25.000000
390.100000	38.000000
399.350000	40.000000
363.350000	45.000000
392.900000	18.000000
399.650000	48.000000
365.000000	17.000000
393.000000	6.000000
400.550000	32.000000
366.650000	29.000000
395.900000	26.000000
400.900000	36.000000
366.700000	37.000000
395.950000	10.000000
401.000000	44.000000
396.100000	46.000000
366.800000	41.000000
403.850000	16.000000
366.950000	33.000000
398.800000	30.000000
404.450000	28.000000
367.450000	25.000000
399.750000	18.000000
404.800000	48.000000
367.800000	45.000000
400.550000	38.000000
371.500000	37.000000
401.400000	2.000000
373.100000	25.000000
401.600000	26.000000
375.400000	41.000000
401.600000	46.000000
378.350000	17.000000
401.950000	34.000000
406.050000	32.000000
380.200000	37.000000
417.650000	11.000000
407.050000	44.000000
380.750000	41.000000
402.300000	10.000000
422.050000	11.000000
407.700000	16.000000
383.150000	9.000000
410.400000	20.000000
404.600000	30.000000
424.050000	39.000000
411.950000	0.000000
406.800000	18.000000
428.900000	39.000000
414.400000	44.000000
408.300000	26.000000
432.650000	35.000000
418.200000	12.000000
411.450000	18.000000
433.400000	23.000000
420.050000	48.000000
418.300000	10.000000
388.750000	37.000000
433.950000	43.000000
423.400000	32.000000
423.100000	18.000000
389.450000	33.000000
434.450000	47.000000
423.750000	12.000000
423.450000	10.000000
389.950000	41.000000
436.800000	7.000000
425.700000	48.000000
424.050000	38.000000
393.600000	17.000000
437.150000	35.000000
427.100000	8.000000
425.350000	26.000000
394.450000	37.000000
437.450000	39.000000
427.400000	4.000000
425.600000	30.000000
394.600000	41.000000
438.600000	23.000000
432.800000	24.000000
428.450000	2.000000
394.700000	9.000000
438.900000	43.000000
433.000000	36.000000
428.800000	38.000000
396.200000	5.000000
439.800000	27.000000
433.900000	16.000000
433.100000	34.000000
399.600000	41.000000
440.400000	47.000000
435.150000	40.000000
433.250000	22.000000
400.350000	29.000000
442.000000	31.000000
435.250000	44.000000
433.750000	18.000000
400.350000	37.000000
444.050000	43.000000
437.000000	24.000000
433.900000	46.000000
405.150000	41.000000
445.450000	35.000000
437.400000	42.000000
437.700000	22.000000
438.450000	34.000000
405.350000	25.000000
438.550000	18.000000
406.950000	33.000000
439.350000	46.000000
447.750000	31.000000
407.350000	17.000000
440.000000	26.000000
454.150000	43.000000
407.950000	37.000000
443.300000	46.000000
454.550000	7.000000
410.100000	41.000000
447.550000	2.000000
455.650000	11.000000
413.200000	17.000000
450.300000	46.000000
417.600000	41.000000
457.400000	39.000000
452.700000	18.000000
418.300000	9.000000
458.000000	27.000000
423.500000	49.000000
459.050000	43.000000
454.550000	10.000000
424.300000	37.000000
460.400000	31.000000
456.800000	18.000000
424.400000	41.000000
438.300000	16.000000
460.850000	47.000000
457.350000	26.000000
432.550000	41.000000
439.500000	36.000000
464.200000	43.000000
457.900000	38.000000
432.800000	37.000000
442.300000	32.000000
465.200000	47.000000
458.100000	6.000000
433.700000	17.000000
443.300000	40.000000
466.050000	31.000000
459.250000	46.000000
433.900000	5.000000
445.250000	24.000000
466.200000	35.000000
459.950000	10.000000
437.850000	17.000000
445.400000	16.000000
438.500000	41.000000
467.300000	11.000000
460.100000	2.000000
448.450000	0.000000
439.700000	25.000000
452.850000	16.000000
461.100000	22.000000
442.750000	33.000000
454.350000	4.000000
443.200000	45.000000
461.900000	26.000000
456.500000	12.000000
463.950000	46.000000
444.650000	25.000000
457.000000	16.000000
469.150000	7.000000
464.350000	30.000000
457.150000	40.000000
469.250000	43.000000
464.850000	18.000000
451.450000	9.000000
457.950000	44.000000
470.450000	27.000000
451.950000	5.000000
474.850000	43.000000
459.300000	48.000000
453.400000	17.000000
475.200000	31.000000
459.400000	8.000000
453.550000	41.000000
460.700000	24.000000
479.200000	43.000000
456.750000	49.000000
479.800000	23.000000
460.800000	0.000000
457.300000	37.000000
460.950000	32.000000
484.400000	43.000000
457.400000	41.000000
463.750000	44.000000
466.450000	34.000000
457.500000	25.000000
464.000000	48.000000
466.600000	10.000000
460.650000	17.000000
464.100000	28.000000
469.650000	18.000000
460.650000	33.000000
464.550000	16.000000
469.750000	26.000000
461.150000	45.000000
466.050000	36.000000
470.550000	46.000000
462.100000	25.000000
468.000000	12.000000
472.250000	30.000000
463.300000	41.000000
468.150000	48.000000
472.450000	2.000000
464.300000	5.000000
472.450000	10.000000
468.350000	16.000000
465.850000	17.000000
470.350000	28.000000
474.300000	26.000000
467.000000	41.000000
470.450000	44.000000
485.100000	23.000000
467.300000	49.000000
473.650000	4.000000
486.650000	31.000000
470.400000	25.000000
475.100000	32.000000
487.600000	11.000000
470.950000	17.000000
477.100000	18.000000
476.900000	16.000000
472.050000	41.000000
477.750000	44.000000
479.800000	46.000000
474.900000	49.000000
479.200000	24.000000
480.100000	22.000000
475.800000	33.000000
481.150000	18.000000
481.150000	16.000000
475.900000	25.000000
482.050000	0.000000
483.150000	26.000000
478.050000	17.000000
482.850000	32.000000
486.800000	10.000000
478.400000	41.000000
483.600000	36.000000
487.450000	22.000000
482.200000	49.000000
485.750000	24.000000
490.700000	10.000000
482.700000	17.000000
494.550000	2.000000
487.450000	12.000000
485.300000	33.000000
489.100000	48.000000
496.500000	10.000000
485.600000	41.000000
491.750000	12.000000
499.750000	18.000000
487.550000	25.000000
503.000000	22.000000
498.850000	12.000000
488.850000	49.000000
503.800000	18.000000
499.750000	16.000000
491.250000	41.000000
508.250000	10.000000
502.350000	0.000000
494.100000	17.000000
504.600000	16.000000
510.600000	2.000000
500.000000	17.000000
492.150000	11.000000
505.300000	24.000000
502.400000	41.000000
506.700000	8.000000
502.000000	31.000000
504.100000	17.000000
502.850000	7.000000
507.750000	12.000000
508.200000	49.000000
503.700000	11.000000
508.050000	48.000000
508.600000	33.000000
508.350000	32.000000
508.350000	11.000000
508.900000	41.000000
508.450000	31.000000
508.600000	4.000000
511.850000	5.000000
512.800000	32.000000
512.750000	35.000000
512.700000	9.000000
514.650000	24.000000
513.300000	31.000000
512.900000	49.000000
515.450000	23.000000
511.450000	6.000000
514.250000	45.000000
515.700000	7.000000
513.200000	46.000000
516.750000	41.000000
516.650000	43.000000
513.750000	10.000000
517.350000	17.000000
517.900000	27.000000
514.650000	34.000000
517.450000	25.000000
518.350000	3.000000
514.700000	22.000000
518.650000	29.000000
518.600000	39.000000
516.600000	18.000000
519.300000	45.000000
520.200000	47.000000
517.550000	26.000000
521.650000	41.000000
517.900000	30.000000
521.350000	31.000000
522.450000	33.000000
522.400000	43.000000
514.900000	48.000000
518.000000	46.000000
526.100000	21.000000
524.700000	19.000000
515.150000	36.000000
526.350000	45.000000
526.200000	23.000000
516.750000	16.000000
526.550000	41.000000
517.900000	44.000000
526.750000	39.000000
529.950000	17.000000
519.450000	28.000000
531.300000	41.000000
520.200000	4.000000
519.450000	38.000000
528.050000	43.000000
531.350000	9.000000
520.250000	32.000000
534.600000	1.000000
520.100000	22.000000
524.650000	32.000000
530.150000	7.000000
536.500000	33.000000
524.850000	20.000000
523.300000	2.000000
536.950000	45.000000
523.650000	10.000000
526.250000	48.000000
537.600000	41.000000
525.100000	26.000000
527.000000	24.000000
539.150000	37.000000
528.550000	16.000000
526.200000	22.000000
540.550000	13.000000
528.600000	18.000000
530.650000	44.000000
541.200000	49.000000
532.100000	20.000000
534.750000	18.000000
544.050000	33.000000
537.450000	38.000000
532.800000	32.000000
546.500000	5.000000
536.250000	32.000000
539.950000	46.000000
549.250000	45.000000
540.650000	14.000000
537.200000	48.000000
549.300000	33.000000
542.250000	10.000000
537.950000	40.000000
551.050000	17.000000
540.500000	32.000000
542.550000	38.000000
551.750000	49.000000
541.900000	16.000000
545.000000	2.000000
552.050000	25.000000
545.350000	14.000000
542.950000	40.000000
552.650000	13.000000
549.900000	10.000000
544.050000	0.000000
553.900000	45.000000
544.650000	48.000000
550.000000	46.000000
554.050000	33.000000
551.200000	18.000000
547.450000	4.000000
554.200000	41.000000
547.800000	32.000000
551.750000	26.000000
555.850000	17.000000
552.700000	22.000000
549.750000	48.000000
556.150000	25.000000
553.050000	42.000000
550.500000	16.000000
561.650000	33.000000
550.800000	12.000000
554.000000	46.000000
566.900000	33.000000
555.550000	38.000000
551.500000	32.000000
567.000000	25.000000
556.100000	26.000000
551.900000	44.000000
567.700000	17.000000
552.100000	40.000000
557.150000	10.000000
568.850000	49.000000
552.750000	24.000000
557.200000	22.000000
571.600000	33.000000
554.750000	16.000000
557.700000	18.000000
577.750000	1.000000
555.000000	48.000000
561.500000	46.000000
578.350000	5.000000
568.350000	46.000000
557.400000	44.000000
578.350000	17.000000
557.600000	24.000000
570.300000	26.000000
578.500000	49.000000
563.400000	32.000000
573.100000	10.000000
580.250000	41.000000
565.700000	48.000000
573.250000	2.000000
582.350000	21.000000
567.500000	32.000000
578.950000	10.000000
582.400000	17.000000
579.900000	18.000000
572.150000	48.000000
583.150000	49.000000
572.950000	0.000000
582.500000	42.000000
583.600000	33.000000
577.950000	8.000000
583.450000	46.000000
583.800000	25.000000
579.300000	12.000000
583.500000	6.000000
584.000000	13.000000
580.150000	16.000000
583.600000	34.000000
586.900000	41.000000
582.800000	20.000000
584.450000	26.000000
586.900000	49.000000
583.000000	44.000000
585.250000	14.000000
588.200000	25.000000
583.350000	4.000000
530.800000	19.000000
588.200000	33.000000
583.950000	48.000000
535.350000	31.000000
588.500000	45.000000
584.000000	36.000000
537.100000	39.000000
591.350000	29.000000
540.400000	31.000000
584.450000	32.000000
592.200000	49.000000
541.450000	15.000000
585.700000	10.000000
595.900000	25.000000
587.700000	46.000000
541.550000	39.000000
596.600000	1.000000
588.000000	34.000000
543.400000	7.000000
597.150000	49.000000
590.700000	30.000000
548.550000	31.000000
599.650000	21.000000
550.950000	11.000000
591.100000	22.000000
600.750000	41.000000
551.200000	43.000000
592.350000	46.000000
602.450000	13.000000
551.850000	27.000000
594.200000	42.000000
602.750000	49.000000
594.250000	10.000000
604.650000	21.000000
598.200000	34.000000
606.650000	41.000000
599.700000	42.000000
606.950000	49.000000
601.050000	10.000000
607.250000	13.000000
602.800000	14.000000
612.400000	21.000000
603.900000	42.000000
614.400000	5.000000
605.800000	10.000000
615.000000	49.000000
608.050000	42.000000
618.100000	29.000000
608.900000	14.000000
620.500000	21.000000
610.650000	10.000000
620.600000	25.000000
612.500000	30.000000
621.300000	49.000000
613.550000	34.000000
622.150000	45.000000
614.400000	42.000000
623.850000	33.000000
617.150000	34.000000
624.650000	21.000000
619.950000	6.000000
625.950000	29.000000
620.150000	26.000000
626.350000	49.000000
621.000000	46.000000
626.700000	25.000000
621.450000	42.000000
628.850000	33.000000
622.300000	34.000000
635.600000	1.000000
624.750000	26.000000
640.650000	49.000000
552.650000	31.000000
626.050000	30.000000
641.200000	9.000000
553.150000	23.000000
626.550000	14.000000
641.600000	5.000000
554.950000	43.000000
627.350000	46.000000
641.750000	13.000000
556.050000	27.000000
634.300000	42.000000
588.150000	0.000000
641.850000	41.000000
558.250000	11.000000
639.850000	10.000000
643.400000	21.000000
640.900000	6.000000
558.900000	23.000000
646.600000	33.000000
560.250000	43.000000
641.200000	42.000000
646.700000	45.000000
642.050000	14.000000
561.500000	7.000000
646.900000	49.000000
567.200000	31.000000
643.550000	2.000000
648.500000	29.000000
575.900000	3.000000
588.450000	44.000000
648.850000	25.000000
578.100000	7.000000
589.600000	28.000000
649.050000	17.000000
590.800000	24.000000
578.950000	11.000000
651.100000	41.000000
581.350000	43.000000
594.900000	12.000000
651.100000	45.000000
646.450000	30.000000
581.850000	19.000000
651.350000	49.000000
583.850000	31.000000
647.350000	38.000000
651.950000	33.000000
584.050000	15.000000
647.700000	26.000000
654.500000	17.000000
648.000000	46.000000
584.750000	27.000000
654.600000	1.000000
585.300000	43.000000
649.000000	42.000000
656.550000	41.000000
586.000000	47.000000
649.600000	22.000000
657.150000	21.000000
650.150000	34.000000
586.050000	11.000000
661.000000	13.000000
650.600000	18.000000
587.300000	35.000000
664.000000	49.000000
651.200000	30.000000
600.350000	0.000000
664.300000	41.000000
651.500000	10.000000
600.600000	20.000000
666.450000	13.000000
660.950000	14.000000
587.500000	19.000000
671.200000	49.000000
662.550000	42.000000
590.950000	23.000000
677.350000	5.000000
593.600000	3.000000
663.400000	10.000000
677.350000	33.000000
666.200000	14.000000
594.700000	11.000000
679.200000	29.000000
598.800000	19.000000
667.800000	10.000000
679.250000	49.000000
602.750000	11.000000
670.600000	42.000000
680.350000	45.000000
673.750000	6.000000
602.800000	15.000000
683.100000	21.000000
675.650000	10.000000
602.900000	19.000000
683.100000	25.000000
678.100000	34.000000
606.300000	11.000000
683.750000	29.000000
678.750000	30.000000
609.850000	19.000000
684.350000	45.000000
613.700000	11.000000
681.200000	14.000000
685.250000	49.000000
682.050000	46.000000
615.050000	3.000000
686.200000	33.000000
615.900000	35.000000
682.950000	34.000000
687.400000	21.000000
618.100000	7.000000
683.400000	26.000000
688.200000	25.000000
618.500000	47.000000
684.500000	42.000000
690.100000	41.000000
684.950000	2.000000
619.300000	27.000000
690.350000	49.000000
620.100000	19.000000
687.250000	22.000000
690.500000	17.000000
688.900000	42.000000
620.650000	35.000000
692.100000	1.000000
623.200000	27.000000
688.900000	46.000000
695.150000	41.000000
690.100000	10.000000
623.700000	47.000000
603.000000	12.000000
697.600000	49.000000
606.400000	12.000000
691.100000	18.000000
699.350000	13.000000
608.450000	20.000000
692.300000	22.000000
624.000000	19.000000
609.400000	48.000000
704.650000	49.000000
693.350000	42.000000
610.200000	8.000000
709.150000	17.000000
695.000000	10.000000
709.800000	29.000000
611.400000	12.000000
699.550000	14.000000
615.900000	36.000000
710.650000	5.000000
702.700000	2.000000
710.850000	49.000000
620.250000	44.000000
703.850000	6.000000
712.550000	45.000000
624.250000	31.000000
703.900000	34.000000
713.000000	33.000000
628.150000	35.000000
620.500000	36.000000
714.500000	29.000000
629.550000	27.000000
620.650000	20.000000
716.000000	49.000000
629.700000	19.000000
623.650000	32.000000
716.900000	41.000000
635.600000	3.000000
623.850000	12.000000
717.450000	25.000000
640.650000	7.000000
624.900000	44.000000
717.500000	45.000000
642.050000	15.000000
625.550000	28.000000
625.600000	20.000000
705.200000	10.000000
628.750000	32.000000
708.000000	34.000000
629.800000	44.000000
710.300000	10.000000
633.450000	0.000000
717.800000	21.000000
710.350000	18.000000
638.200000	28.000000
718.650000	17.000000
710.350000	30.000000
639.100000	12.000000
721.150000	49.000000
711.150000	42.000000
721.600000	41.000000
639.750000	44.000000
711.700000	22.000000
721.650000	29.000000
641.450000	20.000000
711.850000	46.000000
642.150000	8.000000
722.600000	17.000000
714.150000	34.000000
643.550000	4.000000
726.500000	41.000000
716.250000	6.000000
643.850000	12.000000
729.200000	17.000000
647.150000	47.000000
716.250000	26.000000
647.400000	35.000000
716.350000	2.000000
729.900000	29.000000
645.650000	0.000000
647.550000	31.000000
646.050000	28.000000
717.600000	22.000000
647.800000	39.000000
646.350000	48.000000
718.050000	34.000000
648.850000	27.000000
646.400000	44.000000
647.100000	32.000000
649.350000	23.000000
720.350000	10.000000
649.750000	43.000000
720.750000	46.000000
730.600000	49.000000
650.050000	3.000000
647.950000	20.000000
722.450000	30.000000
648.400000	36.000000
651.050000	47.000000
735.600000	41.000000
723.050000	42.000000
648.450000	40.000000
652.350000	35.000000
649.900000	44.000000
742.000000	49.000000
650.450000	28.000000
723.800000	26.000000
743.050000	41.000000
650.650000	48.000000
749.550000	29.000000
724.550000	22.000000
651.650000	24.000000
750.550000	45.000000
724.950000	18.000000
651.700000	12.000000
750.650000	49.000000
725.050000	10.000000
656.200000	20.000000
752.800000	41.000000
726.000000	34.000000
656.350000	44.000000
754.250000	29.000000
654.500000	23.000000
730.250000	34.000000
730.600000	30.000000
658.650000	0.000000
737.050000	34.000000
659.400000	12.000000
755.000000	17.000000
738.000000	22.000000
664.600000	12.000000
756.500000	45.000000
670.250000	12.000000
742.050000	10.000000
672.400000	8.000000
661.750000	15.000000
743.150000	18.000000
672.400000	48.000000
743.900000	6.000000
678.350000	36.000000
665.150000	11.000000
747.700000	10.000000
679.300000	28.000000
674.200000	23.000000
748.850000	2.000000
680.900000	48.000000
674.550000	11.000000
749.400000	30.000000
682.000000	4.000000
758.450000	49.000000
683.000000	44.000000
677.750000	35.000000
750.450000	22.000000
683.200000	20.000000
758.750000	41.000000
678.050000	31.000000
751.150000	34.000000
764.900000	41.000000
684.300000	36.000000
678.200000	3.000000
752.650000	46.000000
767.250000	29.000000
684.400000	0.000000
678.950000	7.000000
754.400000	18.000000
684.950000	32.000000
767.350000	49.000000
754.500000	30.000000
679.350000	47.000000
686.300000	28.000000
768.800000	45.000000
755.250000	22.000000
682.100000	35.000000
770.700000	41.000000
687.600000	20.000000
682.950000	27.000000
756.200000	34.000000
770.850000	17.000000
687.600000	24.000000
683.550000	19.000000
756.900000	10.000000
688.150000	12.000000
779.000000	41.000000
760.200000	18.000000
685.000000	31.000000
688.150000	44.000000
779.050000	49.000000
760.750000	6.000000
685.900000	43.000000
779.100000	29.000000
690.550000	16.000000
764.100000	10.000000
687.050000	47.000000
781.550000	5.000000
691.750000	12.000000
764.150000	2.000000
687.200000	23.000000
781.950000	45.000000
697.200000	16.000000
765.100000	34.000000
687.750000	19.000000
783.200000	33.000000
698.600000	8.000000
766.150000	30.000000
689.600000	27.000000
784.000000	49.000000
768.950000	46.000000
689.950000	11.000000
692.750000	23.000000
785.150000	41.000000
699.700000	0.000000
785.550000	17.000000
694.400000	11.000000
769.400000	10.000000
788.350000	45.000000
704.650000	36.000000
788.900000	25.000000
705.900000	4.000000
789.300000	49.000000
706.450000	12.000000
791.200000	29.000000
709.150000	16.000000
791.850000	41.000000
710.150000	28.000000
694.450000	35.000000
769.850000	34.000000
792.250000	17.000000
710.250000	8.000000
770.250000	22.000000
698.750000	15.000000
793.850000	49.000000
710.300000	36.000000
704.050000	43.000000
770.550000	18.000000
798.350000	41.000000
710.500000	44.000000
705.150000	35.000000
772.300000	30.000000
802.350000	49.000000
710.950000	24.000000
706.200000	11.000000
773.100000	6.000000
712.700000	32.000000
706.650000	7.000000
715.050000	0.000000
802.750000	17.000000
709.700000	3.000000
776.250000	34.000000
715.600000	24.000000
711.200000	43.000000
804.400000	41.000000
778.550000	10.000000
715.650000	44.000000
711.400000	23.000000
806.700000	29.000000
715.800000	36.000000
779.050000	30.000000
712.500000	31.000000
807.050000	17.000000
716.000000	20.000000
779.600000	2.000000
808.100000	49.000000
718.300000	4.000000
715.600000	47.000000
810.900000	29.000000
721.000000	36.000000
716.250000	35.000000
716.550000	43.000000
813.350000	41.000000
721.250000	12.000000
717.000000	23.000000
813.950000	49.000000
721.950000	16.000000
717.250000	19.000000
816.700000	17.000000
781.000000	34.000000
722.250000	28.000000
721.300000	11.000000
816.900000	29.000000
722.600000	20.000000
783.300000	46.000000
723.850000	23.000000
817.200000	45.000000
783.800000	22.000000
723.650000	24.000000
725.800000	43.000000
824.000000	45.000000
724.400000	44.000000
783.950000	10.000000
728.800000	23.000000
827.250000	41.000000
724.550000	8.000000
730.300000	47.000000
827.500000	17.000000
724.750000	40.000000
785.250000	18.000000
730.500000	35.000000
832.300000	41.000000
785.550000	6.000000
726.800000	32.000000
738.500000	35.000000
834.050000	29.000000
727.350000	16.000000
786.300000	30.000000
739.800000	11.000000
835.050000	5.000000
728.000000	28.000000
787.800000	26.000000
837.350000	45.000000
728.600000	24.000000
743.850000	23.000000
729.750000	36.000000
744.000000	11.000000
749.800000	47.000000
838.200000	29.000000
735.950000	0.000000
841.000000	25.000000
736.100000	36.000000
841.250000	17.000000
788.250000	34.000000
738.650000	24.000000
750.400000	23.000000
841.650000	41.000000
789.000000	46.000000
741.500000	12.000000
751.200000	35.000000
791.450000	30.000000
743.250000	16.000000
844.150000	45.000000
751.600000	43.000000
792.000000	18.000000
744.650000	4.000000
792.400000	10.000000
745.350000	28.000000
752.650000	11.000000
793.750000	34.000000
745.900000	8.000000
794.600000	26.000000
754.400000	47.000000
845.950000	25.000000
746.550000	12.000000
796.550000	10.000000
754.900000	23.000000
845.950000	41.000000
749.600000	28.000000
797.600000	2.000000
846.050000	21.000000
750.100000	24.000000
797.750000	30.000000
751.600000	36.000000
755.800000	35.000000
846.300000	49.000000
802.950000	10.000000
753.450000	48.000000
756.150000	43.000000
846.900000	9.000000
803.000000	18.000000
753.700000	28.000000
754.200000	16.000000
763.850000	23.000000
849.900000	29.000000
764.650000	11.000000
755.100000	24.000000
851.600000	41.000000
765.150000	47.000000
757.400000	36.000000
852.700000	37.000000
758.350000	0.000000
854.400000	21.000000
758.950000	16.000000
857.550000	41.000000
759.550000	8.000000
857.700000	37.000000
761.950000	4.000000
862.600000	41.000000
765.400000	35.000000
764.350000	12.000000
865.250000	37.000000
805.100000	34.000000
805.200000	6.000000
768.000000	23.000000
807.300000	18.000000
769.750000	43.000000
765.450000	36.000000
809.450000	34.000000
770.300000	47.000000
767.750000	28.000000
809.900000	30.000000
867.900000	5.000000
769.150000	16.000000
813.650000	10.000000
868.200000	17.000000
769.950000	12.000000
814.650000	30.000000
870.850000	41.000000
769.950000	24.000000
871.750000	25.000000
816.950000	34.000000
773.700000	23.000000
771.050000	8.000000
875.000000	21.000000
772.000000	36.000000
817.150000	18.000000
875.050000	29.000000
819.400000	22.000000
772.050000	44.000000
875.250000	25.000000
773.000000	0.000000
820.750000	2.000000
876.400000	45.000000
774.000000	16.000000
824.850000	34.000000
876.850000	41.000000
827.050000	18.000000
776.850000	36.000000
877.100000	33.000000
828.750000	6.000000
777.050000	4.000000
879.750000	21.000000
829.900000	10.000000
778.450000	12.000000
880.350000	29.000000
880.550000	33.000000
779.500000	28.000000
776.300000	7.000000
834.100000	30.000000
882.950000	49.000000
782.550000	36.000000
835.100000	2.000000
782.800000	8.000000
835.350000	10.000000
883.350000	41.000000
783.000000	12.000000
776.350000	35.000000
884.050000	9.000000
838.400000	30.000000
885.350000	33.000000
839.700000	18.000000
777.400000	47.000000
886.850000	1.000000
841.450000	26.000000
778.700000	11.000000
842.500000	10.000000
890.050000	41.000000
781.950000	35.000000
843.250000	22.000000
891.700000	21.000000
782.450000	23.000000
843.900000	42.000000
893.000000	13.000000
783.050000	31.000000
844.400000	18.000000
893.450000	49.000000
783.450000	47.000000
845.200000	30.000000
893.550000	37.000000
784.050000	43.000000
846.600000	34.000000
894.000000	5.000000
786.750000	23.000000
895.050000	41.000000
847.400000	26.000000
787.450000	27.000000
897.200000	45.000000
847.500000	10.000000
783.000000	32.000000
787.800000	43.000000
851.250000	34.000000
784.400000	24.000000
898.850000	33.000000
788.850000	35.000000
792.950000	47.000000
853.100000	38.000000
899.900000	1.000000
793.300000	11.000000
860.900000	10.000000
899.950000	25.000000
793.900000	43.000000
863.300000	42.000000
900.000000	49.000000
798.550000	35.000000
902.300000	9.000000
865.250000	10.000000
798.750000	11.000000
902.450000	21.000000
870.650000	6.000000
799.250000	23.000000
902.700000	17.000000
872.950000	10.000000
804.100000	43.000000
873.350000	26.000000
903.450000	41.000000
806.650000	35.000000
876.000000	30.000000
903.450000	45.000000
876.900000	42.000000
904.900000	25.000000
806.700000	47.000000
877.300000	46.000000
905.900000	13.000000
811.750000	47.000000
906.700000	49.000000
878.050000	26.000000
813.450000	11.000000
907.450000	21.000000
880.850000	30.000000
813.750000	35.000000
907.850000	29.000000
883.100000	10.000000
908.150000	5.000000
884.300000	42.000000
818.150000	11.000000
909.200000	37.000000
889.400000	38.000000
818.800000	23.000000
909.650000	41.000000
893.150000	42.000000
819.000000	47.000000
914.300000	25.000000
894.500000	14.000000
821.050000	43.000000
918.900000	37.000000
894.550000	2.000000
824.400000	35.000000
785.300000	16.000000
895.650000	38.000000
826.250000	47.000000
899.900000	46.000000
786.350000	28.000000
828.250000	43.000000
900.050000	10.000000
786.500000	44.000000
921.250000	21.000000
900.250000	6.000000
787.400000	0.000000
830.000000	11.000000
900.300000	26.000000
788.350000	36.000000
830.600000	35.000000
900.300000	34.000000
790.150000	12.000000
835.300000	11.000000
900.700000	42.000000
791.150000	16.000000
836.050000	47.000000
902.700000	18.000000
791.750000	28.000000
840.200000	3.000000
905.550000	42.000000
840.850000	43.000000
792.950000	36.000000
905.850000	46.000000
924.800000	1.000000
793.600000	12.000000
906.600000	14.000000
925.800000	21.000000
800.050000	28.000000
906.750000	26.000000
926.050000	9.000000
800.350000	44.000000
907.850000	38.000000
841.300000	27.000000
800.650000	8.000000
928.750000	41.000000
912.500000	38.000000
800.850000	12.000000
842.450000	11.000000
929.600000	13.000000
801.450000	36.000000
843.000000	47.000000
930.250000	5.000000
803.350000	16.000000
845.000000	43.000000
931.150000	37.000000
806.450000	36.000000
846.750000	35.000000
933.250000	21.000000
807.850000	0.000000
913.600000	26.000000
846.950000	19.000000
934.000000	13.000000
847.750000	11.000000
808.650000	16.000000
935.450000	37.000000
847.800000	27.000000
917.950000	26.000000
810.250000	28.000000
848.500000	47.000000
921.300000	38.000000
811.000000	44.000000
852.500000	39.000000
923.650000	42.000000
812.700000	36.000000
853.500000	47.000000
928.000000	14.000000
860.700000	39.000000
813.750000	4.000000
928.450000	26.000000
935.850000	25.000000
813.750000	12.000000
860.800000	47.000000
931.150000	42.000000
935.950000	33.000000
814.250000	28.000000
860.900000	11.000000
931.350000	38.000000
940.400000	25.000000
817.300000	16.000000
865.250000	19.000000
931.400000	14.000000
940.450000	21.000000
818.550000	8.000000
866.650000	11.000000
935.750000	38.000000
941.500000	33.000000
819.200000	24.000000
935.900000	26.000000
944.350000	1.000000
820.000000	28.000000
869.550000	3.000000
944.350000	37.000000
936.000000	14.000000
873.350000	27.000000
820.700000	12.000000
936.400000	46.000000
873.950000	7.000000
946.200000	9.000000
824.400000	0.000000
874.550000	19.000000
940.100000	42.000000
949.700000	13.000000
827.650000	16.000000
875.000000	47.000000
940.350000	26.000000
952.300000	37.000000
830.050000	12.000000
878.400000	27.000000
941.950000	46.000000
954.050000	33.000000
835.150000	28.000000
878.500000	19.000000
949.850000	14.000000
954.200000	13.000000
835.800000	12.000000
880.050000	47.000000
953.550000	38.000000
955.650000	5.000000
836.750000	0.000000
880.150000	31.000000
954.000000	6.000000
958.100000	1.000000
837.150000	4.000000
880.450000	11.000000
957.250000	14.000000
959.650000	9.000000
838.250000	44.000000
884.500000	11.000000
960.100000	30.000000
840.800000	8.000000
960.300000	29.000000
885.800000	3.000000
963.550000	46.000000
961.350000	37.000000
841.600000	16.000000
891.500000	39.000000
963.800000	22.000000
961.400000	25.000000
842.200000	12.000000
891.900000	19.000000
964.050000	14.000000
961.500000	45.000000
842.250000	44.000000
893.000000	15.000000
964.100000	42.000000
963.350000	13.000000
843.150000	24.000000
893.500000	7.000000
964.250000	26.000000
843.650000	48.000000
964.400000	21.000000
897.750000	3.000000
965.700000	30.000000
845.200000	20.000000
965.550000	45.000000
898.550000	15.000000
965.900000	38.000000
846.450000	44.000000
965.750000	37.000000
899.350000	35.000000
969.050000	22.000000
847.050000	12.000000
967.200000	25.000000
899.950000	11.000000
969.400000	42.000000
848.100000	36.000000
967.450000	29.000000
899.950000	31.000000
969.950000	14.000000
851.750000	20.000000
967.500000	33.000000
977.850000	14.000000
900.300000	47.000000
855.500000	0.000000
967.600000	13.000000
901.150000	27.000000
978.250000	42.000000
860.900000	12.000000
972.550000	1.000000
903.000000	43.000000
978.550000	38.000000
865.250000	12.000000
973.000000	9.000000
903.150000	19.000000
982.550000	14.000000
866.600000	48.000000
975.150000	13.000000
905.350000	15.000000
983.600000	38.000000
978.450000	37.000000
874.600000	44.000000
909.400000	39.000000
985.900000	42.000000
875.250000	20.000000
978.600000	13.000000
909.850000	35.000000
991.950000	22.000000
982.950000	37.000000
875.950000	28.000000
910.400000	47.000000
992.100000	14.000000
877.200000	48.000000
983.500000	13.000000
912.000000	15.000000
992.150000	46.000000
877.500000	0.000000
985.050000	33.000000
913.750000	27.000000
993.000000	42.000000
988.500000	45.000000
878.450000	44.000000
915.500000	47.000000
995.450000	14.000000
989.250000	1.000000
915.600000	3.000000
996.150000	22.000000
990.950000	9.000000
879.500000	32.000000
918.400000	27.000000
996.200000	38.000000
991.700000	33.000000
879.800000	20.000000
921.000000	19.000000
997.300000	42.000000
992.850000	21.000000
880.550000	28.000000
924.550000	47.000000
992.900000	45.000000
881.650000	48.000000
925.850000	19.000000
995.150000	13.000000
883.350000	12.000000
927.600000	27.000000
884.150000	44.000000
996.700000	37.000000
886.150000	48.000000
930.100000	7.000000
997.000000	21.000000
930.750000	15.000000
890.500000	48.000000
997.750000	45.000000
931.350000	39.000000
891.950000	20.000000
933.000000	47.000000
999.750000	41.000000
893.000000	8.000000
934.300000	19.000000
999.950000	13.000000
893.400000	0.000000
934.750000	3.000000
893.600000	44.000000
935.400000	27.000000
936.100000	31.000000
896.800000	48.000000
936.950000	39.000000
899.650000	32.000000
937.500000	47.000000
899.750000	40.000000
937.800000	15.000000
899.850000	12.000000
939.750000	27.000000
900.100000	44.000000
940.750000	19.000000
900.450000	36.000000
900.550000	48.000000
903.550000	20.000000
904.000000	44.000000
941.250000	31.000000
906.450000	28.000000
946.400000	19.000000
908.300000	44.000000
947.650000	7.000000
908.850000	48.000000
951.000000	15.000000
951.600000	39.000000
909.900000	40.000000
912.100000	28.000000
953.050000	31.000000
956.550000	39.000000
914.600000	44.000000
921.350000	20.000000
957.700000	31.000000
958.250000	3.000000
921.950000	44.000000
926.100000	20.000000
960.900000	7.000000
962.850000	27.000000
930.500000	40.000000
930.500000	44.000000
964.100000	19.000000
933.050000	48.000000
964.250000	15.000000
935.200000	40.000000
964.600000	43.000000
935.250000	32.000000
964.700000	23.000000
937.350000	44.000000
965.550000	39.000000
965.850000	47.000000
937.600000	48.000000
966.100000	31.000000
938.250000	20.000000
939.300000	32.000000
969.150000	19.000000
972.300000	39.000000
942.300000	20.000000
942.650000	44.000000
973.800000	31.000000
943.050000	40.000000
977.550000	15.000000
946.100000	48.000000
978.350000	39.000000
979.450000	7.000000
951.900000	40.000000
981.900000	15.000000
953.900000	32.000000
954.200000	48.000000
982.100000	19.000000
982.500000	39.000000
958.250000	4.000000
960.600000	48.000000
984.500000	31.000000
960.800000	28.000000
960.900000	44.000000
987.550000	3.000000
964.000000	24.000000
988.450000	31.000000
964.900000	40.000000
990.050000	39.000000
964.950000	44.000000
992.050000	23.000000
993.350000	19.000000
966.000000	48.000000
994.200000	31.000000
994.400000	43.000000
966.600000	32.000000
996.000000	15.000000
996.400000	23.000000
972.000000	48.000000
997.000000	39.000000
978.600000	40.000000
999.450000	7.000000
979.800000	48.000000
983.950000	24.000000
985.050000	32.000000
986.350000	4.000000
986.500000	48.000000
987.000000	40.000000
989.450000	32.000000
991.950000	24.000000
993.050000	20.000000
995.850000	40.000000
996.300000	32.000000
996.600000	24.000000
997.000000	48.000000
